%YAML:1.0
laser_ROI: [0, 0, 640, 320]
red_mask_1_h: [180, 255, 255]
red_mask_1_l: [173, 120, 60]
red_mask_2_h: [7, 255, 255]
red_mask_2_l: [0, 120, 40]
